1
0.76
0.76
0.52
0.85
0.85
0.1
0.32
0.44
1
0.84
0.92
0.7734
0.9334
0.3334
0.75
1
0.1
0.76
1
0.64
0.56
0.92
0.6
1
0.96
1
0.84
0.84
0.8
0.8
0.9818
0.6
0.48
0.84
0.68
1
0.75
0.55
1
0.8
0.72
0.32
0.35
1
0.2
0.2
0.475
0.76
0.64
0.64
0.88
0.75
0.95
0.64
0.3112
0.7876
1
1
0.8
0.32
0.95
0.7
0.28
0.28
0.8
1
0.7666
0.12
0.5834
0.84
0.4
0.52
0.32
0.4
0.84
0.4
0.96
0.88
1
0.6
0.85
0.85
0.76
0.48
0.32
0.4
0.32
0.8
0.44
0.88
0.72
0.72
0.1
0.16
0.12
0.52
0.4
0.44
0.48
0.72
0.44
0.96
0.3286
0.35
0.45
0.8
0.96
0.64
0.8
0.88
0.92
0.76
0.96
0.9714
1
0.5066
0.2
0.2
0.4
0.0286
0.4
0.32
0.32
0.68
0.8
0.96
0.5
0.35
0.2
1
0.28
0.8
0.76
0.8
0.8
0.96
0.12
0.95
0.44
0.6
0
0.44
0.08
0.96
0.96
0.76
0.6
0.8
1
0.76
0.6
0.88
0.76
0.6
0.1334
0.8
0.75
0.8266
0.8
0.72
0.24
0.32
0.8
0.8
0.64
0.2
0.2
0.12
0.08
0.68
0.72
0.6
0.8
0.24
0.12
0.32
0.52
0.72
0.7
0.753
0.55
0.45
0.55
0.76
0.96
0.72
0.24
0.08
0.48
0.7882
0.1
0.75
0.8
0.6
0.84
0.4
1
0.6
0.76
0
0
0.05
0.8
0.65
0.15
0.3
0.7
0.6
0.04
0.16
0.84
0.76
0.08
0.16
0.24
0.56
0.64
1
0
0.2
0
0.75
0.08
0.08
0.12
0.8
0.08
0.08
0.08
0.96
0.12
0.16
0.64
0.64
0.12
0.12
0
0.28
0.44
0.72
0.6222
0.12
0.08
0.85
0.6
1
1
0.75
0.04
0.08
0.2572
0.92
0.12
0.4
1
0.36
0.48
0.48
0.08
0.84
0
0
0.16
0.28
0.3
0.5
0.5
0.7
0.68
0.76
0.76
0.3
0.1
0
0
0.16
0.17
0.68
0.08
0.35
0.65
0.15
0
0
0.85
0.36
0.64
0.72
0.52
0.64
0.56
0.92
0
0.05
0.7846
0.55
0
0.6
0.76
0.92
0.52
0.72
0.72
0.2
0.55
0.25
0.55
0
0
0.48
0.44
0.04
0.56
0.8
0
1
0
0.64
0.7
0.35
0.25
0.1666
0
0.75
0.55
0.76
0.04
0.68
0.28
0.76
0.08
0
0
0
0.04
0
0
0.76
0.45
0.48
0.64
0.32
0.08
0
0.08
0.12
0.2
0.92
0.85
0.3
0.7
0
0
0
0.0666
0.0666
0.6666
0.8666
0.16
0.04
0
0
0.56
0.16
0
0.05
0.1
0.75
0.35
0.5334
0.08
0
0.2
0.16
0
0.8
1
0.88
0.4
0.56
0.5
0.5
0.45
0.72
0.24
0.04
0.2
0.08
0.56
0
0.6
0.6
0.56
0
0
0.44
0.75
0.8
0.7
0.16
0.16
0.35
0.6
0
0
0
0.76
0.64
0.64
0.16
0.3
0.55
0.75
0.64
0.16
0
0
0.28
0.64
0.44
0.5066
0.68
0
0.16
0.64
0
0
0.6
0.56
0
0.0834
0
0.2
0.4
0
0.5
0.4
0
0
0.5636
0.7066
0.76
0.65
0.8
0
0.2
0.52
0.28
0.64
0
0
0
0
0.76
0.1286
0
0.45
0.25
0.68
0
0.04
0.1
0
0.8
0
0.2
0
0
0
0.36
0.24
0.12
0.05
0.65
0.25
0.8
0.65
0.15
0.65
0.24
0.76
0.68
0
0.7
0.75
0.8
0.04
0
0
0.16
0
0
0
1
0.12
0.84
0.75
1
0.25
0.72
1
1
0.44
1
0.85
0.5
0.56
0.56
0.56
0.56
1
0.96
0.84
1
1
1
0.75
0.4
0.3166
0.3556
0.4
0.4
0.4
0.64
0.76
0.88
1
0.7
0.8
0.7
0.88
0.76
0.52
0.6
1
0.7334
0.4666
0.8
0.88
0.04
1
1
0.8
0.92
0.52
0.52
0.52
0.44
0.34
0.4
0.8
0.65
0.9
0.52
0.4
0.36
0.3112
0.9
0.8
0.32
0.1
0.28
0.32
0.88
0.36
0.52
0.32
0.6
0.4
0.4
0.8
0.6
0.88
0.96
0.96
0.1454
0
0.25
0.1
0.65
0.2666
0.2
0.28
0.2666
1
0.8
0.88
0.24
0.24
0.25
1
0.4
0.44
0.64
0.3
0.95
0.1
0.0134
0.32
0.52
0.975
1
0.4
0.28
0.28
0.16
0.4
0.32
0.6
0.723
0.8
0.8
0.6666
0.3
0.88
0.575
0.44
0.04
0.36
0.32
0.04
0.6
0.7
0.7
0.4
1
0
0.64
0.65
0
0.2
0.7334
0.6
0.84
0.8182
0.4
0.2
0.76
0.8
0.36
1
0.2
0.6
0.52
0.68
0.4
0.84
0.76
0.88
0.84
0.24
0.24
0.16
0.64
0.8
0.88
0.84
0.64
0.68
0.8
0.96
0.04
0.36
0.52
0.56
1
0.05
0.75
0.35
0.7
0.68
0.28
0.28
0.2
0.92
0.08
0.72
0.25
0.3
0.2
0.75
0.65
0.8
0.6
0.3334
0.6666
0.1
0.75
0.65
0.2
0.7
0.88
0.08
0.08
0.84
0.5
0.05
0.05
0.05
0.52
0.36
0
0.24
0.72
0.24
0.64
0.44
0.16
0.32
0.56
0.64
0.16
0.76
0
0.1334
1
0.36
0.08
0.4
0.56
0.16
0.16
0.15
0.15
0.2
0.16
0.5538
0.48
0.88
0.36
0.28
0.45
0.05
0.65
0.9
0.16
0.16
0.16
0.05
0.7
0.85
0.1
0
0.1
0.12
0.44
0.64
0.88
0.6
0.5166
0
0.36
0
0.28
0
0.08
0
0.6
0.4
0
0.3334
0.2
0
0.84
0.52
0.05
0.08
0.7
0.7
0.6
0.68
0.72
0.2
0.72
0.56
0.8
0.68
0.5334
0.6
0.9334
0.64
0.04
0.24
0.16
0.16
0.15
0.05
0.65
0.6666
0.6666
0.4
0.6
0.8
0.4
0.08
0.64
0.08
0.4
0.9
0.1
0.1
0.8
0.75
0.85
0.75
0.55
0.65
0.16
0.05
0.15
0.96
0.16
0
0.6
0.75
0
0.05
0
0.7
0.65
0.08
0.16
0.32
0.24
0.84
0.04
0.04
0.1
0
0.9
0
0.15
0.8
0.55
0.68
0.68
0.48
0.6
0.08
0.7858
0.6
0.35
0.52
0.7
0.1
0.7
0
0
0
0.2
0.4
0.12
0.8
0.1
0.5
0.65
0.4
0
0.16
0.16
0.08
0
0
0
0.08
0
0.72
0.0462
0
0.1
0
0.55
0.15
0.25
0
0.75
1
0
0.64
0.15
0.1
0.5
0.35
0.8
0
0.92
0.8
0.6
0.44
0
0.56
0.76
0.88
0
0.35
0.2
0.36
0.32
0.4666
0.4
0.2
0
0
0.6
0.08
0.08
0.65
0
0
0
0
0.08
0.2
0.05
0.85
0.0236
0.2
0.08
0
0
0.5
0.15
0.6
0.52
0.52
0
0.85
0
0
0
0.7
0.48
0.12
0
0.75
0.08
0.08
0.52
0.35
0
0.15
0
0
0.16
0.68
0
0.4
0.05
0.6
0.1334
0.64
0.0666
0.6666
0.6666
0.2
0.44
0.08
0
0.05
0.45
0.52
0.24
0.64
0.28
0.04
0.55
0.12
0.76
0.68
0.3
0.5
0
1
0.8666
0.0666
0.6666
0.84
0.16
0.2
0.56
0.3
0.24
0.6
0
0.12
0.2
0
0
0.2
0
0.7
0
0.5
0
0.15
0
0
0
0.16
0.88
0.52
0.64
0.8
0.96
0.68
0.76
0.68
0.56
0.76
0.8
0.76
0
0.6
0.88
0.12
0.64
0.72
0.52
0.12
0
0.28
0.84
0
0.8
0.76
0.8
1
0.2
0.88
0.08
0.8
0.24
0.32
0
0.6
0.64
0.28
0.76
0.36
0.64
0.64
0.12
0.44
0.68
0.36
0.88
0.48
0.72
0.16
0.12
0
0.48
0.72
0.64
0.04
0.48
0.8
0.92
0.68
0.08
0.12
0.76
0.76
0.48
0.6
0.76
0.52
0.44
1
0.4
0.76
0.16
0
0.44
0.72
0.72
0
0.88
0.2
0.64
0.64
0.8
0.68
0
0.8
0.48
0.82
0.82
0
0.52
0.8
0
0.76
0.75
0
0.36
0.84
0.4
0.32
0.24
0.72
0.92
0.72
0.92
0.16
0.64
0.88
0.08
0.24
0.6
0.8
0.84
0.56
0.56
0
0.28
0.8
0.36
0.4
0.28
0.32
0.68
0.2
0.28
0.44
0.04
0.84
0.84
0.84
0.56
0.8
0.32
0.8
0.8
0.28
0.12
0.64
0
0.16
0.92
0.04
0.6
0
0.04
0.72
0.8
0
0.68
0.44
0.7
0.08
0
0.16
0.76
0.68
0.68
0.6
0.72
1
0.08
0.32
0.88
1
0.84
0.8
0.44
0.08
0.08
0
0.76
0.36
0.64
0.8
0.84
0.6
0.8
0.76
0.2
0.44
0.64
0
0.56
0.08
1
0
0.28
0.8
0.08
0.36
0.08
0.6
0
0.8
0.84
0.84
0.6
0.32
0.04
0
0.92
0
0.68
0.84
0.48
0
0.64
0.76
0.68
0.8
0.88
0.64
0.64
0.4
0.96
0.44
0.64
0.76
0.52
0
0
0.68
0.2
0.8
0
0.88
0
0.56
0.56
0.16
0.84
0.64
0.64
0.64
0.48
0.68
0
0.84
0
0.48
0.28
0.84
0.08
0.72
0.32
0.8
0.4
0.88
0.96
0.8
0.2
0.64
0
0.76
0.48
0.64
0.92
0.48
1
0.84
0.44
0.24
0.28
0
0.44
0.68
0.84
0.72
0.2
0
0.16
0
0
0
0.68
0.84
0.6
0.56
0.2
0.84
0.68
0.84
0.16
0.16
0.96
0.6
0.64
0.76
0.44
0
0.4
0.56
0.44
0.64
0.6
0.6
0
0.6
0.72
0.52
0.68
0.45
0.8
0.64
0
0.84
0
0.8
0.6
0.76
0.8
0.52
0.56
0.08
0.8
0.2
0.76
0
0.44
0.56
0.8
0.96
0.48
0.44
0.44
0.68
0.76
0.8
0.84
0.72
0.24
0.24
0.92
0.92
0
0
0.52
0.76
0.72
0.76
0.72
0.64
0.72
0.72
0.8
0.32
0.48
0.76
0.52
0.8
0.68
0.76
0.8
0
0.84
0.92
0.45
0.08
0.32
0.52
0.08
0.64
0.64
0.64
0.88
0.96
0.88
0.76
0.4
0.72
0.44
1
0.04
0.6
0.36
0.72
0.36
0.84
0
0.16
0.8
0
0
0.9
0.52
0.32
0.68
0.72
0
1
0.8
0.88
0.12
0.72
0.8
0.64
0.8
0.48
0.52
0.8
0.04
0.68
0.64
0.6
0.36
0.84
0.85
0.84
0.36
0.76
0.16
0.6
0.72
0.76
0
0.28
0.04
0.92
0.6
0.88
1
0.72
0
0.8
0.28
0.52
0.64
0.84
0.68
0.88
0.76
0.6
0.32
0.84
0.88
0.76
0.6
0.76
0.92
0.64
0.72
0.75
0.76
0.68
0
0.84
0.16
0.84
0.85
0.8
1
0.64
0.08
0.2
0.96
0.6
0.52
0.6
0.8
0.68
0.68
0.76
0.64
0.56
0.76
0.56
0.68
0.8
0.64
0.84
0.12
0.76
0.92
0.68
0.12
0.84
0.08
0.56
0.68
0.56
0.32
0
0.12
0.36
0.36
0.4
0.64
0.6
0.52
0.88
0.8
0.84
1
0.72
0.16
0.5
0.4
0.88
0.12
0.92
0.96
0.08
0
0.92
0
0.8
0.88
0.12
0.12
0.92
0.52
0.12
0.8
0
0
0.44
0.8
0.96
0.52
0.24
0.36
0.52
0.16
0.8
0.96
0.76
0.52
0.6
0.96
0.32
0.92
1
0
0.92
0.96
0.28
0.24
0.48
0.92
0
0.68
0
0.84
0.52
0.466
0.72
0.68
0.6
0.48
0.48
0.24
0.96
0
0.56
0
0.44
0
1
1
0.28
0.64
0.32
0.12
1
0.36
0
0.6
1
0.44
0.48
0.84
0.68
0
0.76
0.68
0
0.2
0.96
0
0.6
0.44
0.04
1
0.16
0.16
1
0.8
0.56
0.56
0.2
0.4
0.84
0.4
0.44
0.8
0.4
0.08
0.92
0.4
0.24
0.8
0.034
0
0.04
0.76
0.8
0.32
0.44
1
0.1
0.734
0.32
0.88
0.92
1
0.16
0.48
0.88
0
0.76
0.44
0.44
0.56
0.76
0
0.08
0.76
0.64
0.68
0.88
0.64
0.96
0
0.96
0.08
0.72
0.12
0.52
0.64
0.48
0.16
0.84
0
0.8
0.44
0.96
0.32
0.84
0.08
0.92
0.96
0
0
0.44
0.8
0.8
0.4
0.44
0.96
0.08
0.4
0.08
0.28
0
0.08
0.92
1
0.68
0.64
0.6
0.64
0.76
0.76
0.28
0.24
0.96
0.44
0.72
1
0.8
0.96
0.44
0.96
1
0
0.96
0.48
0.2
0.76
0
0.52
0.56
0
0
0.48
0
0.64
0
0.48
0.72
0.16
0.466
0.72
1
0
0.96
0
0.36
0
0.68
0.96
0.68
0
0.96
0.16
0.68
0.64
0.08
0.2
0.2
0.4
0.48
0.56
0.56
0
0.12
0.92
0.88
0.92
0.48
0.2
0.44
0.96
0.4
0.76
1
0.08
0.84
0.36
0.24
0.96
0.12
0.68
0.6
0
0
0.64
0.64
0.68
0.84
0.8
0.56
0.16
0.28
0.84
0.44
0.68
0.08
0.36
0.2
0.04
0.36
0
0.8
0.84
0.28
0.24
0.64
0.96
0.28
0.04
0.96
0.84
0.2
0.8
0
0.64
0
0.28
0
0.84
1
0.04
0.28
0.44
0.12
0.16
0.64
0.92
0.56
0.12
0.08
0.84
0.44
0.32
0.64
0.64
0
0.88
0.12
0.56
0.08
0.24
0.28
0.12
0.24
0.08
0.72
0.12
0.44
0.96
0.4
0.48
0.84
0.04
0.64
0.76
0.8
0.12
0.64
0.6
0.96
1
0.4
0.72
0.24
0.92
0.8
0.88
1
0
0.64
0.6
0.92
0.72
0.84
0
0.24
0.566
0.92
0
0.92
0.32
0.36
0.44
0.76
0.88
0.6
0.8
0.2
0.92
0.12
0.88
0.16
0.08
0.16
0.12
0
0.56
0
0.76
0.68
1
0.92
0.44
0.68
0.72
0.96
0
0.48
0.68
0.68
0.48
0.36
0.32
0.92
0.72
0.56
0.36
0.72
0.16
0.08
0.92
0.28
0.6
0.84
0
0.92
0.6
0.92
0.2
0.64
0.32
0.96
0.88
0.52
0.8
0.68
0.48
1
0.08
0.92
0
0.68
0
0.8
0.12
0.08
0.84
0.56
0.68
0.48
0
0.88
0.56
0.88
0.36
0.8
0.28
0.2
0.68
0.16
0.04
0.68
0.96
0.8
0.72
0.2
0
0
0.28
0.28
0.24
0.32
1
0.56
1
0.2
0.2
0.24
0.52
0.16
0.76
0.4
1
0.36
0.52
0.16
0.2
0.24
0.48
0.36
0.68
0.84
0.92
0.44
0.44
0.92
0.84
0.28
0.04
0
0.76
0.92
0.28
0.68
0
0
0.28
0.92
0.64
0.64
0.1
0.24
0.6
0.88
0.48
0.2
1
0.68
0.88
1
0.08
0.24
0.8
0.2
0.2
0
0.4
0.12
0.88
0
0.12
0
0
0.4
0.84
0.32
0.6
0.2
0.6
0.16
0.76
0.2
0.08
0.92
1
0.4
1
0.12
0.2
1
0.72
0.8
0.62
0.44
0.64
0.88
0.44
0.48
0.56
0.92
0.2
0.44
0.44
0.76
0.56
0.44
0.52
0.6
0.96
0.28
0.24
0.16
0.4
0.24
0.56
0.52
0.52
0.16
0.48
0.6
0.2
0.64
0.92
0.28
0.6
1
0.16
0.422222
0.56
0.4
0.22
1
0.24
0.6
0.9
0.68
0.76
0.8
0.52
0.36
0.48
0.68
0.68
0.72
0.32
0.64
0.92
0.88
0.44
0.24
0.44
0.76
0.8
0.44
0.16
0.52
0.44
0.32
0.52
0.36
0.56
0.72
0.4
0.44
0.96
0.44
0.72
0.28
0.4
0.36
0.6
0.4
0.84
0.4
0.6
0.68
0.72
0.72
0.28
0.8
0.4
0.36
0.72
0.68
0.24
0.24
0.48
0.6
0.68
0.44
0.2
0.64
0
0.32
0.32
0.44
0.6
0.48
0.755556
0.422222
0.2
0.64
0.56
0.28
0.28
0.2
0.68
0.4
0.84
0.84
0.32
0.88
0.92
0.6
0.88
0.914286
0.52
0.88
0.96
0.08
0.76
0.4
0.2
0.16
0.96
0.04
0.4
0.2
0
0.64
0.44
0.84
0.28
0.6
0.84
0.52
0.48
0.48
0.32
0.35
0.92
0.6
0.9
0.85
0.72
0.96
0.52
0.52
0.48
0.48
0.8
0.88
0.48
0.48
0.493333
0.56
0.6
0.48
0.8
0.36
0.84
0.48
0.72
0.8
0.6
0.48
0.88
0.12
0.28
0.76
0.84
0.48
0.2
0.68
0.48
1
0.24
0.44
0.8
0.16
0.35
0.5
0.16
0.68
0.6
0.24
0.76
0.88
0.72
0.44
0.92
0.44
0.8
0.64
0.76
0.36
0.84
0.24
0.22
0.76
0.48
0.68
0.72
0.6
0
0.88
0.4
0.64
0.68
0.18
0.32
0.64
0.28
0.306667
0.62
0.84
0.56
0.72
0.48
0.48
0.5
0.56
0.72
0.44
0.32
0.8
0.6
0.32
0.32
0.92
0.8
0.32
1
0.755556
0.36
0.72
0.56
0.44
0.96
0.18
0.32
0.96
0.08
0.32
0.88
0.76
0.96
0.5
0.52
0.88
0.92
0.72
0.36
0.8
0.8
0.8
0.84
0.36
0.76
0.8
0.24
0.6
0.9
0.4
0.6
0.92
0.48
0.72
0.48
0.28
0.4
0.8
0.68
0.16
0.32
0.32
0.36
0.36
0.36
0.6
0.76
0.24
0.84
0.96
0.72
0.28
0.914286
0.24
0.72
0.6
0.52
0.44
0.96
0.56
0.52
0.28
0.32
0.88
0.84
0.32
0.88
0.76
0.68
0.6
0.4
0.64
0.6
0.68
0.44
0.52
0.16
0.84
0.84
0.24
0.56
0.2
0.32
0.52
0.88
0.4
0.36
0.9
0.76
0.64
0.56
0.36
0.92
0.48
0.68
0.48
0.8
0.2
0.68
0.84
0.24
0.88
0.8
0.08
0.64
0.84
0.8
0.52
0.68
0.32
0.44
1
0.12
0.24
0.48
0.48
0.4
0.92
0.44
0.306667
0.92
0.44
0.52
0.6
0.28
0.32
0.76
0.24
0.8
1
0.64
0.8
0.92
0.76
0.48
0.92
0.76
0.56
0.56
0.8
0.6
0.493333
0.56
0.2
0.76
0.32
0.24
0.32
0.56
0.16
0.48
0.68
0.306667
0.76
0.24
0.32
0.48
0
0.72
0.493333
0.32
0.36
0.24
0.96
0.2
0.44
0.96
0.28
0.36
0.16
0.64
1
0.72
0.24
0.28
0.2
0.84
0.96
0.32
0.2
0.84
0.72
0.64
0.914286
0.2
0.24
0.16
0.28
0.52
0.72
0.52
0.8
0.92
0.08
0.88
0.68
0.92
0.28
0.4
0.72
0.88
0.96
0.92
0.56
0.8
0.85
1
0.7
0.5
0.88
0.68
0.8
0.96
0.72
0.68
0.72
0.68
0.85
0.85
0.7692
0.24
0.64
0.76
0.64
0.8
0.6666
0.4
0.52
0.6
0.52
0.56
0.6
0.64
0.52
0.5
0.9
0.65
0.8
0.44
0.56
0.72
0.52
0.76
0.64
1
0.8
1
0.44
0.84
0.5636
0.775
0.88
0.56
0.76
0.88
1
0.6
0.5334
0.4666
0.6
0.2666
0.76
0.68
0.4
0.68
0.8
0.56
0.64
0.72
0.72
0.84
0.65
0.55
0.5
0.35
0.85
1
0.85
0.95
0.55
0.65
0.7
0.72
0.6666
0.8
0.7
0.68
0.72
0.72
0.4
0.72
0.32
0.92
0.72
0.6
0.48
0.24
0.68
0.6
0.68
0.36
0.7
0.55
0.52
0.44
0.95
0.3
0.75
0.7
0.3
0.64
0.44
0.48
0.6
0.36
0.48
0.7066
0.95
0.6666
1
0.6
0.6
0.6
0.3692
0.6
0.6
0.64
0.2
0.5294
0.65
0.75
0.95
0.7858
0.68
0.64
0.76
0.92
0.64
0.44
0.88
0.6666
0.8
0.2666
0.84
0.64
0.64
0.65
0.45
0.7
0.44
0.68
0.6
0.5
0.35
0.55
0.85
0.6
1
0.65
0.8
0.75
0.4
0.6666
0.6
0.68
1
0.68
0.75
0.8
0.65
0.45
0.3
0.6
0.45
0.8
0.95
0.3
0.6134
0.55
0.7
0.65
0.75
0.76
0.8
0.96
0.44
0.65
0.5
0.45
0.55
0.95
0.7
0.65
0.6
0.3
0.4
0.6
0.95
0.9556
0.64
0.64
0.8728
0.76
0.88
0.9
0.8
0.3
0.6
1
0.72
0.56
0.36
0.68
0.6
0.4
0.6666
0.85
0.4
0.32
0.72
0.95
0.35
0.65
0.6
0.72
0.68
0.65
0.7
0.7572
0.16
0.48
0.64
0.9846
0.52
0.8
0.6
0.64
0.64
0.68
0.52
0.9142
0.68
0.45
0.7
0.55
0.95
0.9
0.6334
0.9
0.95
0.55
0.64
0.52
0.88
0.6
0.1888
0.8
0.76
0.84
0.84
0.52
0.6112
0.95
0.65
0.68
0.75
0.52
0.48
0.64
0.68
0.48
0.68
0.72
0.68
0.9636
0.64
0.28
0.6
0.64
0.36
0.76
0.92
0.56
0.85
0.6
0.15
0.8
0.72
0.44
0.56
0.64
0.25
0.6
0.44
0.72
0.8
0.6
0.75
1
0.64
0.64
0.6
0.72
0.84
0.36
0.6462
0.6
0.6
0.75
1
0.68
0.64
0.56
0.56
0.92
0.64
0.6
0.76
0.9
0.6
0.9454
0.76
0.6
0.92
0.4
0.3
0.64
0.6
0.55
0.9
0.2
0.75
0.9
0.3
0.4
0.8
0.64
0.8
0.6
0.65
0.68
0.4
0.68
0.56
0.64
0.64
0.95
0.65
0.85
1
0.32
0.76
0.7
0.95
0.6
0.6
0.65
0.65
0.75
0.85
0.24
1
0.6
0.72
0.36
0.8
0.76
0.48
0.56
0.64
0.6
0.68
0.76
0.65
0.3
0.56
0.64
0.4
0.68
0.92
0.65
0.75
0.9
0.7334
0.6666
0.2
0.2
1
1
0.68
0.7
0.25
0.65
0.65
0.75
0.65
0.72
0.88
0.72
0.75
0.5
0.65
0.6666
0.6
0.44
0.92
0.64
1
0.72
0.64
0.92
0.76
0.68
0.72
0.44
0.72
0.76
0.8
0.3466
0.8
0.56
0.64
0.36
0.75
0.75
0.5818
0.68
0.72
0.52
0.76
0.32
0.76
0.68
0.5
0.75
0.6334
0.5
0.85
0.55
0.55
0.65
0.84
0.64
0.55
0.35
0.75
0.96
0.68
0.16
0.8
0.8
0.75
0.65
0.25
0.7
0.2
0.5
0.6876
0.8
0.72
0.84
0.52
0.88
0.65
0.4
0.9
0.68
0.6
0.2
0.55
0.65
0.2
0.72
0.64
0.6
0.64
0.92
0.56
0.84
0.64
0.8
0.44
0.56
1
0.4
0.65
0.75
0.7
0.55
0.8
0.4
0.6
0.6
0.92
0.64
0.88
0.8
0.75
0.56
0.48
0.92
0.76
0.88
0.84
1
1
1
0.68
0.64
1
0.88
0.72
0.64
0.76
0.84
0.6
0.6
0.6
0.96
0.5
0.45
0.6
0.7334
0.72
0.76
0.68
0.68
0.76
0.56
0.75
0.88
0.75
0.55
0.76
0.64
0.76
0.96
0.8
0.28
0.84
0.36
0.4
0.52
0.65
0.75
0.85
0.95
0.65
0.75
0.65
1
0.4
0.84
0.68
0.6
0.55
0.52
0.68
0.72
0.72
0.96
0.8
0.68
0.48
0.6
0.55
0.8
0.35
0.9
1
0.6
0.56
0.5334
0.8
0.85
0.8352
0.6
0.76
0.92
0.28
0.56
0.84
0.2
0.84
0.5
0.7
0.95
0.7
0.8
0.4
0.64
0.76
0.5
0.6
0.8
0.525
0.64
0.8
0.64
0.48
0.72
0.92
0.88
0.92
0.72
0.64
0.4
0.56
0.32
0.8
0.56
1
0.68
0.8
0.64
0.76
0.64
0.8
0.65
0.85
0.85
0.85
0.15
0.6
0.75
0.8
0.8
0.4
0.68
0.28
0.68
0.48
0.52
0.56
0.64
0.48
0.65
0.55
0.8
0.72
0.76
0.92
0.65
0.75
0.8
0.75
0.691
0.8
0.5
0.05
0.7666
0.75
0.65
0.55
0.6
0.64
0.92
0.72
0.88
0.8112
0.7
1
0.8
0.8
0.95
0.75
0.8
0.7
0.6
0.84
0.68
0.92
0.8
0.8
0.7286
0.72
0.8
0.2
0.68
0.35
0.6
0.65
0.68
0.64
0.56
0.48
0.68
0.72
0.76
0.96
0.76
0.6666
0.5
0.48
0.76
0.6
0.7384
0.6
0.55
0.65
0.7
0.6
0.8
0.9334
0.6666
0.48
0.7714
0.48
0.6
0.4
0.32
0.8
0.76
0.2546
0.2
0.6
0.8
0.4
0.2
0.6
0.95
0.55
0.9
0.6
0.6
0.6
0.5176
0.72
0.4666
0.45
0.5
0.9
0.95
0.68
0.8
0.7
0.4
0.8
0.28
0.64
0.36
0.64
0.96
0.28
0.52
0.65
0.35
0.6
0.7
0.65
0.45
0.8
0.85
0.8
0.6
0.68
0.76
0.8
0.5
0.9
0.9
0.72
0.16
0.8182
0.45
1
0.75
0.7334
0.5334
0.6666
0.6
0.6888
0.76
0.72
1
0.6
0.68
0.76
0.72
0.72
0.48
0.48
0.1778
0.95
0.7
1
0.72
0.6
0.76
0.6
0.36
0.96
0.76
0.8
0.92
0.96
0.4
0.64
0.44
0.8
0.24
0.8
0.6
0.56
0.88
0.52
0.28
0.64
0.6
0.6546
0.8
0.65
0.7
0.35
0.54
0.75
0.75
0.8
0.84
0.75
0.76
0.88
0.92
0.3334
0.8
0.8666
0.6
0.7
0.4
0.75
0.36
0.5334
0.76
0.44
0.8666
0.4666
0.65
0.45
0.15
0.8
0.7
0.75
0.75
0.85
0.8
0.15
0.68
0.52
0.68
0.72
1
0.85
0.85
0.65
0.85
0.75
0.8666
0.7818
0.7866
0.75
0.85
0.85
0.7
0.65
0.6
0.76
0.68
0.7714
0.8
0.68
0.6
0.64
0.72
0.32
0.76
0.4
0.72
0.9
0.8
0.6
0.7538
0.68
0.36
0.6
0.6
0.85
0.8
0.8
0.725
0.7
0.64
0.68
0.8
0.96
0.48
0.64
0.84
1
0.68
0.8
0.6666
0.64
0.8
0.76
0.44
0.75
0.6
0.25
0.65
0.6666
0.4
0.6
0.7334
0.7334
0.8666
0.2666
0.44
0.88
0.68
0.84
0.6
0.68
0.55
0.8
0.2
0.85
0.7
0.6134
0.65
0.75
0.45
0.5
0.75
0.65
0.8
0.6888
0.92
0.56
0.96
0.12
0.55
0.65
0.3
0.6
0.76
0.8616
0.68
0.64
0.7
0.75
0.35
0.25
0.68
0.24
0.76
0.7
0.7
0.4
0.4
0.96
0.76
0.92
0.28
0.72
0.6
0.32
0.8
0.48
0.7
1
1
0.8
0.6
0.2666
0.76
0.6
0.5334
0.8
0.6
0.8
0.55
0.8
0.3
0.75
0.55
0.8
0.3
0.36
0.8
0.72
0.68
0.52
0.65
0.75
0.8
0.84
0.84
0.64
0.12
0.72
0.72
0.4
0.88
0.28
0.92
0.4
0.44
0.76
0.72
0.52
0.96
0.76
0.56
0.72
0.84
0.68
0.8
0.8
0.64
0.88
1
0
0.76
0.84
0.48
0.72
0.76
0.4
0.44
0.92
0.12
0.64
0.8
0.4
0.68
0.76
0.84
0.64
1
0.36
0.32
0.92
0.36
0.36
0.96
0.88
0.68
0.88
0.24
0.76
0.76
0.28
0.8
0.88
0.28
0.68
0.68
0.68
0.6
0.76
0.88
0.68
0.8
0.16
0.92
0.2
0.64
0.72
0.84
0.24
0.84
0.72
0.4
0.84
0.76
0.24
0.65
0.84
0.48
0.92
0.88
0.36
0.64
0.68
0.56
0.76
0.68
0.36
0.56
0.64
0.36
0.68
1
0.28
0.44
1
0.12
0.12
0.68
0.92
0.36
0.84
0.52
0.56
0.96
0.88
0.8
0.84
0.76
0.64
0.68
0.6
0.68
0.68
0.76
1
1
0
0.48
0.72
0.4
0.84
0.75
0.8
0.6
0.72
0.36
0.96
0.64
0.76
1
0.64
0.76
0.2
0.8
0.44
0.64
0.8
0.76
0.52
0.68
0.28
0.64
1
0.2
1
1
0.84
0.48
0.84
0.52
0.68
0.72
0.36
0.28
0.72
0.8
0.24
0.6
0.36
0.64
0.84
0.8
0.64
0.68
0.76
0.48
0.68
0.4
0.64
0.68
0.64
0.68
0.92
0.32
1
0.96
0.24
0.92
0.56
0.68
0.52
0.36
0.88
0.8
0.76
0.32
0.72
0.72
0
0.44
0.72
0.24
0.84
0.68
0
0.76
0.88
0.68
0.6
0.8
0.16
0.8
1
0.2
1
1
0.44
0.96
0.36
0.44
0.52
0.88
0.24
0.96
0.76
0.24
0.6
0.92
0.64
0.04
0.96
0
0.72
0.84
0.52
0.76
0.76
0.32
0.64
0.64
0.6
0.52
0.2
0.08
0.2
0.84
0.72
0.68
0.72
0.16
0.08
0.28
0.48
0.24
0.64
0.72
0.8
0.44
0.52
0.44
0.56
0.72
0.6
0.4
0.68
0.6
0.52
0.6
0.4
0
0.88
0.08
0.72
0.12
0.36
0.36
0.6
0.68
0.24
0
0.28
0.4
0.72
0.8
0.64
0.36
0.8
0.6
0.72
0.64
0.72
0.4
0.08
0.6
0.6
0.68
0.6
0.52
0.36
0.76
0.48
0.16
0.4
0.52
0.88
0.52
0.76
0.84
0.6
0.76
0.64
0.8
0.16
0.48
0.48
0.64
0.76
0.08
0.56
0.2
0.04
0.76
0.48
0.72
0.4
0.28
0.96
0.44
0.64
0.2
0.64
1
0.72
0.8
0.44
0.36
0.2
0.88
0.32
0.28
0.8
0.56
0.72
0.76
0.28
0.2
0.12
0.28
0.6
0.64
1
0.12
0.84
0.08
0.24
0.32
0.96
0.24
0.16
0.84
0.12
0.44
0.72
0.2
0.12
0.36
0
0
0
0.32
0.32
0.32
0.44
0.28
0.4
0.68
0.64
0.48
0.96
0.08
0.72
0.92
0.48
0.16
0.76
0.92
0.2
0.08
0.52
0.16
0.32
0.16
0.48
0.72
0.75
0.84
0.96
1
0.64
0.48
0.64
0.8
0.72
0.4
0.88
0
0.12
0.68
0.52
0.56
0.72
0.76
0.52
0.88
0
0.8
0.96
0.44
0.32
0.8
0.32
0.76
0.2
0.84
0.24
0.08
0.76
0.8
0.76
0.2
0.76
0.68
0.72
0.88
0.96
0.16
0.04
0.68
0.28
0.92
0.76
0.2
0.28
0.16
0.84
0.36
0.64
0.92
0.92
0.84
0.04
0.2
0.32
0.72
0.08
0
0.24
0.76
0.76
0.72
0
0
0.48
0.12
0.64
1
0.2
0.28
0.4
0.52
0.16
0.72
0.8
0.64
0.88
1
0.8
0.56
0.16
0.56
0.76
0.88
0.68
0.76
0.8
0.4
0.2
0.8
0.36
0.92
0.36
0.84
0.92
0.6
0.76
0.12
0.76
0.36
0.52
0.48
0
0.8
0.72
0.08
0.28
0.88
0.08
0.88
0.68
0.8
0.28
0.92
0.76
0.12
0.72
0.72
0.84
0.32
0.8
0.48
0.08
0.2
0.8
0.96
0.16
0.56
0.76
0.2
0.56
0.2
0.85
0.12
0.48
0.88
0
0.56
0.32
0.64
0
0.44
0.36
0.32
0.2
0.72
0.96
0.64
1
0.2
0.72
0.8
0.56
0.76
0.2
0.3
0.68
0.6
0.92
0.28
0.32
0.84
0.76
0.16
1
0.72
0.52
0.32
0.8
0
0.44
0.28
0.6
0.88
0
0.64
0.76
0.8
0.56
0.28
0.88
0.12
0.72
0.28
0.84
0.76
0.32
0.68
0.36
0.76
0.52
0.9
0.36
0
0.52
0.56
0.76
0.68
0.28
0.8
0.8
0.8
0.72
0.16
0
0.76
0.12
0.24
0.76
0.56
0.64
0.6
0.68
0.2
0.84
0.16
0.44
0.68
0.32
0.16
0.24
0.68
0.84
0.96
0.12
0.68
0.8
0.72
0.84
0.8
0
0.76
0.76
0.76
0.16
0.8
0.76
0.44
0.96
0.4
0.08
0.4
0.08
0.04
0.28
0.16
0.36
0.88
0.48
0.52
0.44
0.28
0.36
0.24
0.2
0.68
0.12
0.48
0.2
0.96
0.72
0.68
0.56
0.36
0.88
0.36
0.48
0.32
0.36
0.72
0.4
0.48
0.48
0.92
0.24
0.64
0.88
0.2
0.2
0.6
0.56
0.72
0.76
0.28
0.44
0.6
0.8
0.48
0.84
0.48
0.24
0.8
0.76
0.72
0.76
0.92
0.76
1
0.36
0.6
0.6
0.8
0.52
1
0.12
0.84
0.2
0.88
0.44
0.92
0.84
0.6
0.32
0.16
0.2
0.24
0.32
0.84
0.28
0.96
0.64
0.48
0.84
0.8
0.76
0.56
0.2
0.48
0.1
0.2
0.64
0.44
0.88
0.16
0.28
0.88
0.16
0.52
1
0.84
0.24
0.88
0.44
0.32
0.48
0.68
0.32
0.84
0.84
0.12
0.2
0.28
0.24
0.24
0.64
0.04
0.28
0.12
0.76
0.8
0.28
0.2
0.72
0.8
0.32
0.16
0.36
0.08
0.16
0.72
0.76
0.32
0.08
0.68
0.44
0.68
0.68
0.44
0.76
0
0.2
0.52
0.64
0.2
0.28
0.68
0.76
0.52
0.88
0.68
0.72
0.88
0.24
0.76
0.5
0.44
0.36
0.72
0.28
0.72
0.2
0.72
0.4
0.2
0.24
0.88
0.12
0.92
0.92
0.6
0.44
0.56
0.84
0.72
0.72
0.92
0.36
0.2
0.92
0.64
0.2
0.24
0.2
0.16
0.52
0.84
0.32
0.16
0.56
0.76
0.4
0.56
0.68
0.16
0.28
0.68
0.16
0
0.6
0.68
0.04
0.88
0
0.4
0.16
0.88
0.28
0
0.6
0.88
0.8
0.92
0.666667
0
0.4
0.64
0.64
0.84
0.72
0
0.2
0.24
0.56
0.88
0.16
0.88
0.68
0.48
0.04
0.08
0.76
0.56
0.28
0.64
0.8
0.64
0.32
0.72
0.3
0.84
0.4
0.32
0.88
0.6
0.96
0.84
0.45
0.6
0.52
0.4
0.6
0.04
0.08
0.36
0.12
0.8
0.16
0.64
0.04
0.6
0.3
0.24
0.6
0.76
0.64
0.92
0.8
0.6
0
0.56
1
0.92
0.52
0.76
0.68
1
0.84
0.92
0.08
0.56
0.28
0.64
1
0.48
0.56
0.12
1
0.12
0.68
0.88
0.8
0
0.32
1
0.28
0.32
0.92
0.8
1
0.8
0.76
0.88
0.96
0.52
0.84
0.52
1
0.76
0.6
0.68
0.24
0.88
0.4
0.56
0.92
0.88
0.44
0.76
0.28
0.92
1
0.04
0.6
0.24
0.64
0.44
0.16
0.52
0.32
0.2
0.08
0.68
1
0.28
0
0.68
0.68
0.4
0.6
0.76
0.88
0.4
0
0.52
0.44
0.2
0.68
0.36
0.8
0.72
0.76
0.84
0.12
0.2
0.36
0.56
0.64
0.6
0.4
0.08
0.72
0.5
1
0.84
0.08
0.12
0.44
0.2
0.96
0.76
0.56
0.88
1
0.2
0.44
0.92
0.36
0.52
0.24
0.44
0
0.7
0.28
0.44
0.68
0.96
0.68
1
0.28
0.8
0.6
0.44
0.56
0.56
0.92
0.88
0.68
0.12
0.68
0.6
0.8
0.24
0.16
0.52
0.2
0.68
0.8
0.6
0.68
0.28
0.52
0.4
1
0.56
0.56
0.36
0.72
0.52
0.56
0
0.16
0.12
0.76
0.2
0.72
0.84
0.96
0.6
0.88
0.56
0.8
0.56
0.36
0.44
0.92
0.72
1
0.76
0.48
0.76
0.8
0.84
0.8
0.44
0.6
0.64
0.24
0.6
0.4
0.96
0.88
0.6
0.68
0.08
0.72
0.24
0.8
0.8
0.36
0.28
0.8
0.56
0.4
0.24
0.84
0.16
0.48
0.68
0.76
0.36
0.64
0.6
0.96
0.32
0.52
0.72
0.12
0.24
0.56
0.84
0.8
0.84
0.76
0.8
0.28
0.6
0.6
0.72
0.08
0.6
0.84
0.92
0.36
0.12
0.48
0.4
0.2
0.92
0.84
0.68
0.2
0.04
0.6
0.6
0.84
0.32
0.28
0
1
0.4
0.28
1
0
0.92
0.8
0.68
0.4
0.52
0.16
0.2
0.48
0.84
0.2
0.2
0.36
0.36
0.5
0.88
0.28
0.6
0.24
0.84
1
0.4
0.48
0
0.72
0.48
0
0.72
0.56
0.68
0.32
0.44
0
0.44
0.8
0.52
1
0.4
0.44
0.56
0.16
0.88
0.96
0.16
0.84
0.28
0.52
0
0.96
0.28
0.64
0.32
0.4
0.32
0.64
0.92
0.68
0.6
0.24
0.44
0.68
0.52
0.24
0.6
0.76
0.92
0.56
0.44
0.56
0.72
0.72
0.76
0.84
0.84
0.48
0.88
0.48
0.6
0.4
0.68
0.52
0.76
0.04
0.68
0.8
0.2
0
0.72
0.68
0.72
0.72
0.36
0.04
0.44
0.32
0.64
0.6
0.72
0.44
0.84
0.88
0.24
0.52
0.2
0.56
0.84
0.44
0.24
0.72
0.68
0.44
0.64
0.84
1
0.12
0.56
0.68
0.36
0
0.36
0.92
0.36
0.84
0.36
0.64
0.72
0.96
0.32
0.36
0.56
0.12
0.28
0.92
0.12
0.52
0.12
1
0.32
0
0.52
1
0.24
0.95
0.88
0.56
0.88
0.92
0.2
0.68
0.84
0.24
0.84
0.76
0.56
0.76
1
0.68
0.36
1
1
0.36
0.68
0.24
0.28
0.52
0.52
0.96
0.24
0.72
0.24
0.32
0.8
0.68
0.76
1
0.88
0.08
0.08
0.96
0.4
0.64
0.2
0.96
0.76
0.52
0.28
0.88
0
0.76
0.56
0.96
0.8
0.76
0.76
0
0.64
0.6
0.52
0.92
0.2
0.36
0
0.16
0.68
0.16
0.68
0.68
0
0.44
0.16
1
0.28
0.88
0.56
0.64
0.72
0.44
0.48
0.52
0
0.88
0.6
0.84
0.68
0.64
0.65
0.76
0.68
0.36
0.76
1
0.36
0.35
0.84
1
0.64
0.16
0.4
0.96
1
0.52
0.56
0.68
0
0.28
0.2
1
0.52
0.96
0.28
0.56
0.6
0.56
0.24
0.92
0.56
1
0.6
0.88
0.76
0.8
0.84
0.2
0.8
0.56
0.84
0.52
0.84
0.96
0.04
0.28
0.6
1
0.84
0.76
1
0.32
0.16
0.36
0.72
0.8
0.64
0
0.84
0.84
0
0.52
0
0.64
0.6
0.28
0.36
0.68
0.68
0.36
0
0.8
0.72
0.56
0.4
0.8
0.6
0.4
0.45
0.28
0
0.8
0.76
0.8
0.24
0.64
0.12
0.12
0.92
0.68
0.44
0.2
0.12
0.16
0.12
0.64
0.72
0.44
0.76
0.6
0.6
0.24
0.8
0.56
0.72
0.96
0.76
0.8
0.8
0.68
0.56
0.24
1
0.56
0.68
0.24
0.76
0.76
0.12
0.72
0.8
0.92
0.44
0.52
0.48
0.64
1
0.28
0.6
0.76
0.56
0.64
0.6
0.44
0.6
1
0
0.24
1
0
0.24
0.56
0.48
0.24
0.44
0.72
0.72
0.8
0.64
0.8
0.28
0.28
0.92
0.4
1
0.56
0.28
0.2
0.2
0.36
0.04
0.4
0.32
0.6
0.48
0.6
0.48
1
0
0.96
0.48
0.2
0.08
0.52
0.76
0.4
0.12
0.96
1
0.28
0.88
0.76
1
0.6
0.6
0.52
0.08
0
0.68
0.92
0.12
0
0.92
0
0.56
1
0.64
0.64
0.48
0.36
0.52
1
0.84
0.96
0.92
1
0.16
0.84
0.24
0.88
0.56
0.04
0.12
0.88
0.76
0.92
0.28
0.84
0.92
0.44
0.92
0.52
0.6
0.72
0.44
0.16
0.28
0.88
0.72
0.64
0.24
0.84
0.84
0.48
0.92
1
0.16
0.12
0.84
0.68
0.68
0.12
0.28
0.8
0.64
0.6
0.8
0.36
0.76
0.64
0.32
0.68
1
0.48
0.32
0.92
0.32
0.8
0
0.08
0.84
1
0.2
0.96
1
0.12
0.36
0.68
0.56
0.68
0.64
0.44
0.48
0.92
0.96
0.08
0.6
0.08
0.08
0.2
0.56
0
0
1
0.32
0.36
0.08
0.92
0
0.2
0.2
0.6
0.28
0.28
0.16
1
1
0.92
0.76
0.24
0.56
0.08
0.32
0.36
0.84
0.04
0.8
0.2
0.08
0.36
0.36
0.12
0.28
0.76
0.84
0.44
0.4
0.84
0.76
0.8
0.04
0.28
1
0.48
0.92
0.2
0.56
0.12
0.08
0.84
0.72
0.84
0.56
0.2
0.76
0.6
0.08
0.6
0.12
0.56
0.88
0
0.08
0.68
0
0.24
0.72
0.6
0.28
0.96
0.28
0.72
0.4
0.4
0.6
0.32
0.2
0.16
1
0.12
0.84
0.36
0.88
0.12
1
0.16
0.92
0.8
0.68
0.28
0.76
0.96
0.92
0.8
0.36
1
0.12
0.56
1
0.76
0.72
0.8
0.16
0.24
0.08
0.32
0.16
0.7
0.24
0.72
0.88
1
0.56
0.4
0.8
0.08
0.44
0.36
0.8
0.16
0
0.44
0.466
0.2
0.84
0.6
0.2
0
0.72
0.64
0.76
0.96
0.68
0.28
0.72
0.32
0.32
0.16
0.2
0
0.76
1
0
0
0
0.44
0.48
0.84
0.52
0.6
0.76
0.52
0.8
1
0.68
0.88
1
1
0.4
0.56
0.28
0.04
0.866
0.88
0.6
0.48
0.12
0.92
0.96
1
0.08
0.6
0.72
0.6
0.64
0.16
0.16
0.2
0.44
0.08
1
0.4
1
0.56
0.68
0.68
0.4
0.28
0.6
0.24
0.92
0.08
0.12
1
0.2
0.92
0.32
0.76
1
1
0.4
0.8
0
0.48
0.44
0
0.04
1
1
0.28
1
0.56
0.48
0
0.88
0.56
0.84
0
0.04
0.32
0.04
0.28
0.28
0
0.6
0.12
0.6
1
0.48
0.36
0.44
0.08
0.4
0.2
0.36
0.56
0.76
0.72
0
1
0.44
0.04
1
0.2
0.88
0.72
0.04
0.96
0.68
0.88
0.6
0.36
0.72
0.6
0.2
0.44
1
0.44
0.96
0.6
0.72
0.2
0.76
1
0.92
0.44
0.92
0.96
0.4
0.44
0.48
0.52
0.44
0.48
0.04
0.36
0.32
0.48
0.04
0.28
0
0.68
0.48
0.32
0.32
0.6
0.72
0.08
0.28
0.64
0.24
0.52
0.64
0.68
0.32
0.56
0.92
0.04
0.28
0.88
0.08
0.36
0.72
0.88
0.24
0
0.24
0.64
0.6
0
0
0.52
0.84
0.96
0.36
0.44
0.96
0.36
0.72
0.08
0.12
0.24
0
0.28
0.44
0
0.48
0.88
1
1
0.92
0.6
0.44
0
1
0
0.52
0.84
0.48
0.48
0.96
0.88
0.28
0.88
0.24
0.64
0.08
0.96
0.16
0.52
0.68
0.56
0.64
0.36
0.92
0.76
0.76
0.76
0.92
0.52
0.68
0.64
0.44
0.64
0.24
0.72
0.24
0.08
0
0.56
0.44
0.12
0.04
0.52
1
0.64
0.92
0.08
0.76
0.48
0.76
0.04
0.2
0.24
0
0.12
0.24
0.2
0.84
0.56
0.6
1
0.28
0.68
0.12
0.36
0.68
0.8
1
0.6
0.24
1
0.8
0.28
0.44
0.36
1
0
0.28
0.96
0.76
0.76
0.08
0
0.52
0.68
1
0.76
1
1
0.28
0.08
0
0.52
0.68
1
0.8
0.92
0.84
0.96
0.32
0.72
0.36
0.64
0.56
0.08
0.32
0.08
1
0
0.84
0.08
0.24
0.24
1
0.24
0.96
0.92
0
0.4
0.8
1
1
1
1
1
0.6
0.8
1
1
1
1
0.8
1
1
0.8
0.8
1
0.8
0.6
0.8
0.8
0.8
0.8
1
1
0.8
0.6
1
0.8
0.6
1
0.6
0.8
0.8
1
0.8
0.6
0.6
0.8
1
0.8
0.6
1
0.6
0.8
1
0.8
0.8
0.8
0.2
0.8
0.8
1
0.4
1
0.4
0.6
1
0.8
0.8
1
0.6
0.6
0.8
0.6
0.8
0.6
0.4
0.4
0.2
0.2
0.8
0.4
0.8
0.6
0
0.6
0.2
0.6
1
0.4
0.4
0.2
0.4
0.2
0.2
0.6
0.2
0.6
1
0
0.4
0
0.4
0.6
0.2
1
0.4
1
0.4
0.8
1
0.2
0.4
0.8
0.6
0.6
0.2
0.2
1
0.6
0.8
0.6
0.6
0.2
0.8
0.2
1
0.4
0.6
0.8
0
0.6
0.8
0.4
0.2
0
0.4
0.4
0.8
0.4
0.4
0.2
0
0.4
0.4
0.4
0.6
0.4
0.2
0.2
0.4
0
0.4
0.6
0.2
0.2
0.4
0.2
0.2
0
0.4
0.2
0.6
0.2
0.2
0.2
0
0
0.4
0.2
0.4
0
0
0.2
0.2
0.2
0.2
0
0
0
0
0.2
0
0.2
0
0.4
0.4
0
0.2
0
0
0
0
0
0
0.2
0
0
0.4
0.4
0
0
0
0
0
